Arguments: fnames = {  }, M = 192, N = 192, K = 192
Frequency                      1.300
PEAK_AVX                      41.601
PEAK_AVX512                   83.201
MKL                           40.249 0.000386911 0.000351705 0.000419174     10
blis_naive_6x2                13.894 0.001040217 0.001018856 0.001085115     10
blis_copyL1_6x2               10.561 0.001370268 0.001340431 0.001425470     10
blis_copyL2_6x2               10.169 0.001422013 0.001392011 0.001445810     10
blis_copyL3_6x2                9.952 0.001448591 0.001422450 0.001474839     10
blis_naive_4x3                13.124 0.001094652 0.001078585 0.001125394     10
blis_copyL1_4x3               10.231 0.001395773 0.001383661 0.001404790     10
blis_copyL2_4x3                9.700 0.001470228 0.001459350 0.001482409     10
blis_copyL3_4x3                9.285 0.001534991 0.001524519 0.001545228     10
blis_packL2_6x2               11.039 0.001302568 0.001282382 0.001371511     10
blis_packL2_4x3               11.142 0.001278103 0.001270532 0.001316182     10
blis_packL3_6x2               11.745 0.001215980 0.001205303 0.001259462     10
blis_packL3_4x3               11.822 0.001208372 0.001197413 0.001218643     10
blis_packL3_4x3asm            16.680 0.000873878 0.000848658 0.000915497     10
blis_packL3_4x3asmpf          17.732 0.000817241 0.000798309 0.000822568     10
blis_omp_4x3asmpf             17.374 0.000853869 0.000814759 0.000929607     10
blis_th_4x3asm                17.329 0.000852834 0.000816899 0.000868248     10
Arguments: fnames = {  }, M = 384, N = 384, K = 384
Frequency                      1.300
PEAK_AVX                      41.600
PEAK_AVX512                   83.200
MKL                           52.129 0.002195260 0.002172433 0.002252834     10
blis_naive_6x2                14.155 0.008094170 0.008000578 0.008346710     10
blis_copyL1_6x2               11.630 0.009825358 0.009737168 0.009934610     10
blis_copyL2_6x2               11.324 0.010060976 0.010000560 0.010196631     10
blis_copyL3_6x2               11.573 0.009890045 0.009785799 0.010021490     10
blis_naive_4x3                12.806 0.008884098 0.008843073 0.008946944     10
blis_copyL1_4x3               10.506 0.010812982 0.010778705 0.010874965     10
blis_copyL2_4x3               10.188 0.011152254 0.011115157 0.011220517     10
blis_copyL3_4x3               10.046 0.011316046 0.011272798 0.011430599     10
blis_packL2_6x2               12.292 0.009248106 0.009213305 0.009301386     10
blis_packL2_4x3               11.684 0.009734136 0.009692188 0.009789759     10
blis_packL3_6x2               14.279 0.007977735 0.007931008 0.008019418     10
blis_packL3_4x3               12.661 0.008974176 0.008944164 0.009002024     10
blis_packL3_4x3asm            18.028 0.006323636 0.006281818 0.006389488     10
blis_packL3_4x3asmpf          19.600 0.005811023 0.005777925 0.005854725     10
blis_omp_4x3asmpf             19.332 0.005885906 0.005858085 0.005989246     10
blis_th_4x3asm                19.403 0.005873744 0.005836555 0.005947296     10
Arguments: fnames = {  }, M = 576, N = 576, K = 576
Frequency                      1.300
PEAK_AVX                      41.600
PEAK_AVX512                   83.200
MKL                           57.770 0.006685231 0.006616047 0.006847226     10
blis_naive_6x2                14.012 0.027488097 0.027276205 0.028020734     10
blis_copyL1_6x2               10.394 0.036961251 0.036773406 0.037250945     10
blis_copyL2_6x2               10.641 0.035988200 0.035918228 0.036173628     10
blis_copyL3_6x2               10.814 0.035516827 0.035345009 0.035782998     10
blis_naive_4x3                12.450 0.030856367 0.030699339 0.031879546     10
blis_copyL1_4x3               10.064 0.038339173 0.037978424 0.040852418     10
blis_copyL2_4x3               10.069 0.038395053 0.037956804 0.040407239     10
blis_copyL3_4x3                9.953 0.038493409 0.038400343 0.038829722     10
blis_packL2_6x2               11.429 0.033889910 0.033440563 0.036830486     10
blis_packL2_4x3               11.437 0.033540042 0.033419323 0.033912292     10
blis_packL3_6x2               14.749 0.026004263 0.025913768 0.026316347     10
blis_packL3_4x3               12.945 0.029630811 0.029526331 0.029886660     10
blis_packL3_4x3asm            18.331 0.020944174 0.020850518 0.021254757     10
blis_packL3_4x3asmpf          19.915 0.019549358 0.019192042 0.022375975     10
blis_omp_4x3asmpf             19.825 0.019383927 0.019279441 0.020007220     10
blis_th_4x3asm                19.853 0.019313852 0.019251711 0.019429891     10
blis512_naive_9x3             37.474 0.010245726 0.010199120 0.010305779     10
blis512_copyL1_9x3            29.600 0.012965163 0.012912304 0.013190454     10
blis512_copyL2_9x3            28.816 0.013322139 0.013263813 0.013460903     10
blis512_copyL3_9x3            27.731 0.013863164 0.013782852 0.014227832     10
blis512_packL2_9x3            27.437 0.013975521 0.013930492 0.014047872     10
blis512_packL3_9x3            33.309 0.011522782 0.011474517 0.011614977     10
Arguments: fnames = {  }, M = 768, N = 768, K = 768
Frequency                      1.300
PEAK_AVX                      41.600
PEAK_AVX512                   83.201
MKL                           57.378 0.015855256 0.015789406 0.016101993     10
blis_naive_6x2                13.869 0.065461502 0.065324491 0.065669118     10
blis_copyL1_6x2                9.422 0.096420550 0.096154912 0.096801185     10
blis_copyL2_6x2                9.362 0.097369215 0.096768986 0.100229217     10
blis_copyL3_6x2                9.639 0.094728599 0.093990366 0.097293650     10
blis_naive_4x3                12.562 0.072589449 0.072117067 0.075100994     10
blis_copyL1_4x3                9.787 0.093088857 0.092564052 0.096206322     10
blis_copyL2_4x3                9.761 0.092930892 0.092816289 0.093105866     10
blis_copyL3_4x3                9.691 0.093707069 0.093488452 0.094064465     10
blis_packL2_6x2                9.997 0.091412955 0.090624603 0.095756447     10
blis_packL2_4x3               10.944 0.082876019 0.082785289 0.083162535     10
blis_packL3_6x2               15.538 0.058451973 0.058305169 0.058924392     10
blis_packL3_4x3               13.322 0.068090370 0.068006272 0.068530156     10
blis_packL3_4x3asm            19.181 0.047348281 0.047232690 0.047839024     10
blis_packL3_4x3asmpf          20.417 0.044440455 0.044373452 0.044510420     10
blis_omp_4x3asmpf             20.298 0.044758952 0.044632399 0.044949756     10
blis_th_4x3asm                20.338 0.044866195 0.044544640 0.047201161     10
Arguments: fnames = {  }, M = 960, N = 960, K = 960
Frequency                      1.300
PEAK_AVX                      41.601
PEAK_AVX512                   83.202
MKL                           61.921 0.028678392 0.028576240 0.028896943     10
blis_naive_6x2                14.407 0.123044598 0.122818401 0.123594225     10
blis_copyL1_6x2                9.684 0.184190545 0.182724713 0.187033752     10
blis_copyL2_6x2                9.777 0.181764326 0.180978849 0.185536494     10
blis_copyL3_6x2                9.769 0.181389400 0.181132656 0.181971009     10
blis_naive_4x3                12.472 0.142460512 0.141878011 0.146361876     10
blis_copyL1_4x3                9.887 0.179131575 0.178975812 0.179478491     10
blis_copyL2_4x3                9.855 0.180123698 0.179553589 0.182287722     10
blis_copyL3_4x3                9.639 0.183862107 0.183582735 0.184365878     10
blis_packL2_6x2               10.517 0.168476656 0.168254037 0.168757516     10
blis_packL2_4x3               11.150 0.158863172 0.158701807 0.159003631     10
blis_packL3_6x2               15.773 0.112618088 0.112180554 0.114916057     10
blis_packL3_4x3               13.546 0.131188510 0.130627127 0.133551095     10
blis_packL3_4x3asm            19.671 0.090123629 0.089955441 0.090648926     10
blis_packL3_4x3asmpf          20.613 0.085910984 0.085841217 0.086043033     10
blis_omp_4x3asmpf             20.595 0.086046511 0.085916986 0.086416865     10
blis_th_4x3asm                20.573 0.086144234 0.086007664 0.086315877     10
Arguments: fnames = {  }, M = 1152, N = 1152, K = 1152
Frequency                      1.300
PEAK_AVX                      41.600
PEAK_AVX512                   83.201
MKL                           62.121 0.049329573 0.049221146 0.049608633     10
blis_naive_6x2                14.750 0.208640166 0.207298192 0.212288152     10
blis_copyL1_6x2               10.695 0.287314162 0.285881803 0.291041662     10
blis_copyL2_6x2               10.909 0.281148940 0.280276558 0.285739944     10
blis_copyL3_6x2               10.518 0.291185083 0.290712374 0.292656709     10
blis_naive_4x3                12.616 0.243030223 0.242356991 0.247655969     10
blis_copyL1_4x3                9.906 0.308872760 0.308671891 0.309168247     10
blis_copyL2_4x3                9.986 0.307170289 0.306202940 0.311525818     10
blis_copyL3_4x3                9.646 0.317221060 0.316991074 0.317695238     10
blis_packL2_6x2               11.732 0.260955333 0.260628625 0.261277670     10
blis_packL2_4x3               11.338 0.269986389 0.269677903 0.270536096     10
blis_packL3_6x2               16.264 0.188241071 0.187998756 0.188721550     10
blis_packL3_4x3               13.477 0.227783929 0.226878955 0.233377793     10
blis_packL3_4x3asm            19.722 0.155415221 0.155036480 0.155772244     10
blis_packL3_4x3asmpf          20.860 0.146675951 0.146582977 0.146819955     10
blis_omp_4x3asmpf             20.844 0.146829777 0.146690656 0.147154433     10
blis_th_4x3asm                20.819 0.147001338 0.146868965 0.147307692     10
blis512_naive_9x3             38.283 0.080105000 0.079869341 0.080292518     10
blis512_copyL1_9x3            29.323 0.104439197 0.104274056 0.104718622     10
blis512_copyL2_9x3            29.511 0.103792199 0.103610121 0.104090197     10
blis512_copyL3_9x3            28.281 0.108366305 0.108116045 0.108985608     10
blis512_packL2_9x3            28.994 0.105605475 0.105457296 0.105899103     10
blis512_packL3_9x3            36.760 0.083253156 0.083179285 0.083545392     10
Arguments: fnames = {  }, M = 1344, N = 1344, K = 1344
Frequency                      1.300
PEAK_AVX                      41.600
PEAK_AVX512                   83.200
MKL                           63.741 0.076268669 0.076174373 0.076512321     10
blis_naive_6x2                14.839 0.329283080 0.327200197 0.332807573     10
blis_copyL1_6x2                9.931 0.490830669 0.488922586 0.495443687     10
blis_copyL2_6x2               10.125 0.480376307 0.479544793 0.482871163     10
blis_copyL3_6x2                9.961 0.488154269 0.487453585 0.489279804     10
blis_naive_4x3                12.635 0.384964871 0.384282704 0.389593482     10
blis_copyL1_4x3                9.812 0.495204668 0.494837571 0.496500131     10
blis_copyL2_4x3                9.873 0.492220933 0.491797699 0.494605632     10
blis_copyL3_4x3                9.685 0.501700149 0.501358022 0.502210507     10
blis_packL2_6x2               10.792 0.450777825 0.449913441 0.452443725     10
blis_packL2_4x3               11.112 0.437408423 0.436967838 0.438443279     10
blis_packL3_6x2               16.365 0.296913640 0.296697360 0.297774623     10
blis_packL3_4x3               13.613 0.357675032 0.356670780 0.362502905     10
blis_packL3_4x3asm            19.961 0.243967114 0.243243421 0.244904721     10
blis_packL3_4x3asmpf          20.953 0.231839888 0.231725000 0.232162127     10
blis_omp_4x3asmpf             20.951 0.231973628 0.231750139 0.232407006     10
blis_th_4x3asm                20.917 0.232279394 0.232126297 0.232756283     10
Arguments: fnames = {  }, M = 1536, N = 1536, K = 1536
Frequency                      1.300
PEAK_AVX                      41.600
PEAK_AVX512                   83.201
MKL                           60.429 0.120067190 0.119938981 0.120331326     10
blis_naive_6x2                14.426 0.504563171 0.502398924 0.506791685     10
blis_copyL1_6x2                9.661 0.751860171 0.750184738 0.754952716     10
blis_copyL2_6x2                9.578 0.757846332 0.756700716 0.760317377     10
blis_copyL3_6x2                9.667 0.750200232 0.749770333 0.750676813     10
blis_naive_4x3                12.114 0.599301025 0.598299269 0.602497253     10
blis_copyL1_4x3                9.491 0.766660399 0.763620150 0.774578630     10
blis_copyL2_4x3                9.557 0.759164458 0.758402588 0.760241507     10
blis_copyL3_4x3                9.479 0.765834010 0.764633069 0.769036241     10
blis_packL2_6x2               10.265 0.706810660 0.706076753 0.707685905     10
blis_packL2_4x3               10.709 0.677288551 0.676808605 0.678358228     10
blis_packL3_6x2               16.412 0.442020563 0.441610612 0.442816669     10
blis_packL3_4x3               13.623 0.532977151 0.532021928 0.536423449     10
blis_packL3_4x3asm            20.261 0.358151232 0.357724115 0.359831932     10
blis_packL3_4x3asmpf          20.979 0.345651095 0.345470100 0.345958994     10
blis_omp_4x3asmpf             20.966 0.345832166 0.345688267 0.346159032     10
blis_th_4x3asm                20.960 0.346029124 0.345795706 0.346772676     10
Arguments: fnames = {  }, M = 1728, N = 1728, K = 1728
Frequency                      1.300
PEAK_AVX                      41.600
PEAK_AVX512                   83.199
MKL                           62.685 0.164921878 0.164625266 0.165861650     10
blis_naive_6x2                13.879 0.746324104 0.743520172 0.749177390     10
blis_copyL1_6x2                9.896 1.044204831 1.042780223 1.048048987     10
blis_copyL2_6x2                9.880 1.044805471 1.044501774 1.045029990     10
blis_copyL3_6x2                9.894 1.043997289 1.043000136 1.048170238     10
blis_naive_4x3                12.114 0.852231726 0.851837662 0.852885315     10
blis_copyL1_4x3               10.068 1.025937880 1.025001490 1.028908067     10
blis_copyL2_4x3               10.035 1.028702844 1.028338460 1.029197660     10
blis_copyL3_4x3                9.962 1.036390201 1.035922551 1.036981694     10
blis_packL2_6x2               10.671 0.967747464 0.967074305 0.970580667     10
blis_packL2_4x3               11.294 0.914035964 0.913693974 0.914599615     10
blis_packL3_6x2               16.764 0.615914345 0.615562327 0.617478690     10
blis_packL3_4x3               13.835 0.747374067 0.745887411 0.752419209     10
blis_packL3_4x3asm            20.390 0.507079301 0.506097843 0.508172058     10
blis_packL3_4x3asmpf          21.331 0.484047981 0.483784265 0.484292532     10
blis_omp_4x3asmpf             21.311 0.484394625 0.484244741 0.484739047     10
blis_th_4x3asm                21.284 0.485069017 0.484860168 0.485561577     10
blis512_naive_9x3             36.384 0.284205984 0.283630554 0.284598245     10
blis512_copyL1_9x3            28.308 0.364707492 0.364544625 0.365127852     10
blis512_copyL2_9x3            28.214 0.366902203 0.365756239 0.369892809     10
blis512_copyL3_9x3            29.196 0.353938318 0.353453471 0.355106381     10
blis512_packL2_9x3            27.870 0.370502103 0.370278073 0.370885931     10
blis512_packL3_9x3            38.916 0.265391742 0.265176692 0.265682628     10
Arguments: fnames = {  }, M = 1920, N = 1920, K = 1920
Frequency                      1.300
PEAK_AVX                      41.600
PEAK_AVX512                   83.201
MKL                           64.575 0.220120721 0.219216185 0.224803156     10
blis_naive_6x2                15.245 0.932278587 0.928552730 0.937870425     10
blis_copyL1_6x2                9.722 1.456968967 1.456036418 1.460785425     10
blis_copyL2_6x2                9.729 1.455796539 1.454998845 1.459055457     10
blis_copyL3_6x2                9.700 1.460402502 1.459353705 1.465220173     10
blis_naive_4x3                12.830 1.104073614 1.103325037 1.105834049     10
blis_copyL1_4x3                9.981 1.418605091 1.418255922 1.419150646     10
blis_copyL2_4x3                9.970 1.420602746 1.419780722 1.425363292     10
blis_copyL3_4x3                9.874 1.434238040 1.433709424 1.434703027     10
blis_packL2_6x2               10.477 1.351714187 1.351118042 1.352147655     10
blis_packL2_4x3               11.184 1.266065434 1.265660840 1.267463868     10
blis_packL3_6x2               16.776 0.844691569 0.843793273 0.849634133     10
blis_packL3_4x3               13.800 1.026754103 1.025806679 1.027541827     10
blis_packL3_4x3asm            20.423 0.693843030 0.693140048 0.695932368     10
blis_packL3_4x3asmpf          21.357 0.663065543 0.662808970 0.663331817     10
blis_omp_4x3asmpf             21.364 0.662817286 0.662594462 0.663234097     10
blis_th_4x3asm                21.354 0.663111264 0.662907290 0.663651314     10
Arguments: fnames = {  }, M = 2112, N = 2112, K = 2112
Frequency                      1.300
PEAK_AVX                      41.600
PEAK_AVX512                   83.200
MKL                           64.738 0.292923812 0.291040337 0.296397061     10
blis_naive_6x2                15.304 1.233169121 1.231121197 1.236817050     10
blis_copyL1_6x2               11.204 1.683727506 1.681685795 1.686862119     10
blis_copyL2_6x2               11.195 1.684283923 1.682949271 1.685574933     10
blis_copyL3_6x2               11.198 1.683987185 1.682577632 1.686564190     10
blis_naive_4x3                12.829 1.469423217 1.468678074 1.472168383     10
blis_copyL1_4x3               10.417 1.809723528 1.808745914 1.811165837     10
blis_copyL2_4x3               10.349 1.822156612 1.820572648 1.828075926     10
blis_copyL3_4x3               10.301 1.830437698 1.829072983 1.833459610     10
blis_packL2_6x2               12.199 1.545767837 1.544445097 1.550140250     10
blis_packL2_4x3               11.705 1.610788109 1.609678381 1.611906434     10
blis_packL3_6x2               17.164 1.098038317 1.097738667 1.099090133     10
blis_packL3_4x3               14.034 1.345528809 1.342525562 1.350790438     10
blis_packL3_4x3asm            20.762 0.908477939 0.907501787 0.911189896     10
blis_packL3_4x3asmpf          21.600 0.873837935 0.872289643 0.878567064     10
blis_omp_4x3asmpf             21.593 0.872944332 0.872584512 0.873358110     10
blis_th_4x3asm                21.586 0.873151504 0.872842191 0.873424980     10
Arguments: fnames = {  }, M = 2304, N = 2304, K = 2304
Frequency                      1.300
PEAK_AVX                      41.600
PEAK_AVX512                   83.200
MKL                           64.082 0.383109207 0.381714023 0.385180739     10
blis_naive_6x2                15.341 1.597552356 1.594526112 1.603425816     10
blis_copyL1_6x2               10.214 2.399348443 2.394916930 2.419133133     10
blis_copyL2_6x2               10.283 2.386458726 2.378725895 2.398800565     10
blis_copyL3_6x2               10.253 2.389043576 2.385784467 2.395341949     10
blis_naive_4x3                12.802 1.911511678 1.910716437 1.912178701     10
blis_copyL1_4x3                9.989 2.449595120 2.448690635 2.452980058     10
blis_copyL2_4x3               10.021 2.441940957 2.441008326 2.445343309     10
blis_copyL3_4x3                9.985 2.451830634 2.449905020 2.455837377     10
blis_packL2_6x2               11.038 2.220144990 2.216112666 2.223053918     10
blis_packL2_4x3               11.278 2.169422481 2.168887134 2.170342389     10
blis_packL3_6x2               17.082 1.432957365 1.432011842 1.434884080     10
blis_packL3_4x3               13.912 1.759004404 1.758318807 1.760184229     10
blis_packL3_4x3asm            20.779 1.178369283 1.177214951 1.180392178     10
blis_packL3_4x3asmpf          21.513 1.137589789 1.137057942 1.138045848     10
blis_omp_4x3asmpf             21.523 1.137488183 1.136526124 1.138910864     10
blis_th_4x3asm                21.512 1.137635543 1.137099672 1.138235367     10
blis512_naive_9x3             38.811 0.630887191 0.630260169 0.632458020     10
blis512_copyL1_9x3            27.896 0.877283846 0.876855093 0.878025738     10
blis512_copyL2_9x3            28.225 0.867287877 0.866656873 0.867979198     10
blis512_copyL3_9x3            27.903 0.877084304 0.876647203 0.877922308     10
blis512_packL2_9x3            28.063 0.872793000 0.871661133 0.873747525     10
blis512_packL3_9x3            39.505 0.619618868 0.619194153 0.620238279     10
Arguments: fnames = {  }, M = 2496, N = 2496, K = 2496
Frequency                      1.300
PEAK_AVX                      41.600
PEAK_AVX512                   83.200
MKL                           65.224 0.478638526 0.476820963 0.481193429     10
blis_naive_6x2                15.377 2.025995663 2.022492758 2.030378530     10
blis_copyL1_6x2                9.826 3.166625564 3.165091755 3.170947209     10
blis_copyL2_6x2                9.839 3.162440840 3.160790209 3.166377844     10
blis_copyL3_6x2                9.813 3.172185350 3.169243211 3.176303364     10
blis_naive_4x3                12.877 2.416452470 2.415232565 2.420991659     10
blis_copyL1_4x3               10.044 3.097952159 3.096333294 3.102342138     10
blis_copyL2_4x3                9.979 3.117714226 3.116442664 3.121670738     10
blis_copyL3_4x3                9.943 3.130768083 3.127766012 3.140590449     10
blis_packL2_6x2               10.629 2.927312267 2.926063134 2.932813247     10
blis_packL2_4x3               11.269 2.760688195 2.759802120 2.764284446     10
blis_packL3_6x2               17.211 1.808344498 1.806990273 1.814358076     10
blis_packL3_4x3               13.998 2.225071643 2.221729798 2.232258598     10
blis_packL3_4x3asm            20.702 1.503360966 1.502278298 1.505510164     10
blis_packL3_4x3asmpf          21.605 1.440639551 1.439472981 1.445789834     10
blis_omp_4x3asmpf             21.597 1.441441849 1.440030760 1.446795493     10
blis_th_4x3asm                21.581 1.441513484 1.441074029 1.442059968     10
Arguments: fnames = {  }, M = 2688, N = 2688, K = 2688
Frequency                      1.300
PEAK_AVX                      41.601
PEAK_AVX512                   83.201
MKL                           65.496 0.594587168 0.593069838 0.598427647     10
blis_naive_6x2                15.390 2.527466654 2.523868184 2.534449784     10
blis_copyL1_6x2                9.903 3.924152635 3.922266251 3.930263086     10
blis_copyL2_6x2                9.891 3.929945177 3.927335165 3.936648097     10
blis_copyL3_6x2                9.861 3.940457882 3.939281232 3.943959133     10
blis_naive_4x3                12.886 3.015976495 3.014374136 3.021772020     10
blis_copyL1_4x3               10.055 3.864878246 3.863008379 3.870049119     10
blis_copyL2_4x3               10.017 3.879727841 3.877805307 3.884457844     10
blis_copyL3_4x3                9.978 3.894264191 3.892813342 3.896905483     10
blis_packL2_6x2               10.695 3.635340487 3.632015766 3.642160653     10
blis_packL2_4x3               11.288 3.442533165 3.441266118 3.448307809     10
blis_packL3_6x2               17.169 2.264112062 2.262387279 2.267571211     10
blis_packL3_4x3               13.977 2.782117797 2.779016857 2.790484312     10
blis_packL3_4x3asm            20.868 1.862788454 1.861388226 1.865696873     10
blis_packL3_4x3asmpf          21.640 1.795793658 1.795019975 1.796822304     10
blis_omp_4x3asmpf             21.644 1.795802905 1.794659381 1.800837676     10
blis_th_4x3asm                21.623 1.796699551 1.796365262 1.797213767     10
Arguments: fnames = {  }, M = 2880, N = 2880, K = 2880
Frequency                      1.300
PEAK_AVX                      41.601
PEAK_AVX512                   83.201
MKL                           65.573 0.730377512 0.728593493 0.733696051     10
blis_naive_6x2                15.330 3.119118679 3.116539865 3.124518108     10
blis_copyL1_6x2               10.045 4.758024776 4.756330549 4.761579875     10
blis_copyL2_6x2               10.036 4.762444573 4.760580971 4.768748480     10
blis_copyL3_6x2               10.003 4.777648342 4.775944515 4.781194161     10
blis_naive_4x3                12.845 3.721112938 3.719269772 3.724095334     10
blis_copyL1_4x3               10.096 4.733749951 4.732343772 4.735954915     10
blis_copyL2_4x3               10.042 4.758750730 4.757493600 4.761215381     10
blis_copyL3_4x3               10.022 4.768311558 4.767271014 4.770916185     10
blis_packL2_6x2               10.861 4.399801860 4.399010596 4.400742078     10
blis_packL2_4x3               11.347 4.211916067 4.210287565 4.215281675     10
blis_packL3_6x2               17.277 2.766199941 2.765336265 2.767836155     10
blis_packL3_4x3               14.084 3.393650728 3.392156265 3.397510870     10
blis_packL3_4x3asm            20.881 2.292775628 2.288014432 2.313359166     10
blis_packL3_4x3asmpf          21.678 2.204574815 2.203914707 2.205163147     10
blis_omp_4x3asmpf             21.667 2.205702783 2.204985300 2.207549879     10
blis_th_4x3asm                21.662 2.206144133 2.205543191 2.206909429     10
blis512_naive_9x3             39.565 1.208417386 1.207512720 1.210690219     10
blis512_copyL1_9x3            28.017 1.706190878 1.705226306 1.707474260     10
blis512_copyL2_9x3            27.971 1.708603779 1.708062051 1.709112194     10
blis512_copyL3_9x3            27.790 1.719777281 1.719169513 1.720291585     10
blis512_packL2_9x3            27.792 1.719971507 1.719026296 1.720707979     10
blis512_packL3_9x3            39.782 1.201673168 1.200945695 1.203038401     10
blis512_naive_5x5             38.327 1.246938608 1.246515016 1.247834235     10
blis512_copyL1_5x5            30.894 1.547603635 1.546449447 1.549594446     10
blis512_copyL2_5x5            30.851 1.549212511 1.548605582 1.549935181     10
blis512_copyL3_5x5            30.606 1.561398809 1.560997504 1.562332953     10
blis512_packL2_5x5            30.536 1.564896729 1.564581237 1.565302505     10
blis512_packL3_5x5            40.878 1.169330284 1.168753580 1.170863266     10
blis512_packL3_5x5asm         40.311 1.185919978 1.185168737 1.186416487     10
blis512_packL3_5x5asm_unr     41.661 1.147065361 1.146766542 1.147396732     10
blis512_packL3_5x5asmpf_unr     43.308 1.103879422 1.103162349 1.105347134     10
blis512_packL3_5x5asmpf_ebcast     43.046 1.110371210 1.109887252 1.111215931     10
Arguments: fnames = {  }, M = 3072, N = 3072, K = 3072
Frequency                      1.300
PEAK_AVX                      41.601
PEAK_AVX512                   83.201
MKL                           58.549 0.992849304 0.990321785 0.996196437     10
blis_naive_6x2                 6.074 9.570178931 9.546560592 9.595213382     10
blis_copyL1_6x2                9.478 6.120589775 6.117690255 6.127511757     10
blis_copyL2_6x2                9.482 6.119630302 6.115185772 6.124033290     10
blis_copyL3_6x2                9.464 6.131005753 6.126620571 6.147298051     10
blis_naive_4x3                 4.731 12.279980394 12.255556677 12.298171197     10
blis_copyL1_4x3                8.971 6.477766828 6.462950686 6.487856912     10
blis_copyL2_4x3                8.815 6.579534717 6.577880122 6.581713124     10
blis_copyL3_4x3                8.803 6.587579776 6.586338695 6.589972690     10
blis_packL2_6x2               10.104 5.743672070 5.738776498 5.748040559     10
blis_packL2_4x3                9.727 5.961645085 5.960692650 5.964014130     10
blis_packL3_6x2               16.898 3.432145116 3.431206872 3.434609891     10
blis_packL3_4x3               13.774 4.214932110 4.209410019 4.223125653     10
blis_packL3_4x3asm            20.277 2.866127416 2.859466108 2.878875917     10
blis_packL3_4x3asmpf          21.339 2.718341470 2.717186972 2.720058429     10
blis_omp_4x3asmpf             21.341 2.718760490 2.716901736 2.729227332     10
blis_th_4x3asm                21.345 2.717427305 2.716366485 2.719681965     10
Arguments: fnames = {  }, M = 3264, N = 3264, K = 3264
Frequency                      1.300
PEAK_AVX                      41.600
PEAK_AVX512                   83.201
MKL                           65.703 1.061529363 1.058514978 1.065505064     10
blis_naive_6x2                15.383 4.523589937 4.520933789 4.528241071     10
blis_copyL1_6x2               10.544 6.599064073 6.595941219 6.605528164     10
blis_copyL2_6x2               10.580 6.576945959 6.573509328 6.582962664     10
blis_copyL3_6x2               10.292 6.760553147 6.757634998 6.765721231     10
blis_naive_4x3                12.901 5.392265105 5.390883909 5.397064375     10
blis_copyL1_4x3               10.167 6.842357432 6.840513044 6.846765559     10
blis_copyL2_4x3               10.166 6.848751884 6.841276875 6.859514106     10
blis_copyL3_4x3               10.147 6.857168642 6.853994442 6.863589947     10
blis_packL2_6x2               11.483 6.061889647 6.056536552 6.083846914     10
blis_packL2_4x3               11.478 6.064883754 6.059188810 6.082454641     10
blis_packL3_6x2               17.577 3.957481902 3.956628950 3.958291710     10
blis_packL3_4x3               14.170 4.910186639 4.907962104 4.912675348     10
blis_packL3_4x3asm            21.031 3.309872050 3.306924107 3.311452943     10
blis_packL3_4x3asmpf          21.872 3.181407354 3.179786753 3.191978696     10
blis_omp_4x3asmpf             21.893 3.177751416 3.176738399 3.178832084     10
blis_th_4x3asm                21.878 3.179454195 3.178859794 3.180542943     10
Arguments: fnames = {  }, M = 3456, N = 3456, K = 3456
Frequency                      1.300
PEAK_AVX                      41.600
PEAK_AVX512                   83.201
MKL                           65.510 1.264868605 1.260209578 1.269151858     10
blis_naive_6x2                15.427 5.353209852 5.351507765 5.357246718     10
blis_copyL1_6x2               10.024 8.239509635 8.235991660 8.243164478     10
blis_copyL2_6x2               10.052 8.215948590 8.213152928 8.220851571     10
blis_copyL3_6x2               10.021 8.243722266 8.238218878 8.264630854     10
blis_naive_4x3                12.904 6.399226360 6.397949411 6.401904421     10
blis_copyL1_4x3               10.103 8.173309724 8.171464675 8.177934691     10
blis_copyL2_4x3               10.065 8.205853031 8.202708203 8.210680113     10
blis_copyL3_4x3               10.063 8.212743328 8.203624154 8.220653353     10
blis_packL2_6x2               10.890 7.589251076 7.580753282 7.595838342     10
blis_packL2_4x3               11.355 7.272416653 7.270420476 7.274851861     10
blis_packL3_6x2               17.394 4.748373925 4.746332977 4.758727793     10
blis_packL3_4x3               14.159 5.834306878 5.830761052 5.838098249     10
blis_packL3_4x3asm            21.002 3.934134417 3.930845322 3.952982180     10
blis_packL3_4x3asmpf          21.778 3.791438466 3.790837002 3.792521105     10
blis_omp_4x3asmpf             21.773 3.792829356 3.791699493 3.795780752     10
blis_th_4x3asm                21.767 3.793479531 3.792682873 3.794809152     10
blis512_naive_9x3             39.751 2.077589410 2.076859211 2.078211048     10
blis512_copyL1_9x3            27.954 2.954090251 2.953261927 2.955541765     10
blis512_copyL2_9x3            27.995 2.950526953 2.948961800 2.955517975     10
blis512_copyL3_9x3            27.865 2.963583649 2.962725353 2.964484985     10
blis512_packL2_9x3            27.883 2.962380709 2.960802302 2.965657643     10
blis512_packL3_9x3            40.173 2.055717910 2.055007330 2.056463155     10
Arguments: fnames = {  }, M = 3648, N = 3648, K = 3648
Frequency                      1.300
PEAK_AVX                      41.600
PEAK_AVX512                   83.200
MKL                           65.834 1.478804088 1.474848891 1.485496828     10
blis_naive_6x2                15.326 6.337427891 6.335365369 6.340911216     10
blis_copyL1_6x2               10.176 9.545405647 9.541197195 9.549719191     10
blis_copyL2_6x2               10.185 9.537156273 9.533424926 9.548588146     10
blis_copyL3_6x2               10.168 9.702291551 9.549212143 9.729856261     10
blis_naive_4x3                12.855 7.555269272 7.553274077 7.558235707     10
blis_copyL1_4x3               10.093 9.626437618 9.620436988 9.632203411     10
blis_copyL2_4x3               10.055 9.659842843 9.656061886 9.662203351     10
blis_copyL3_4x3               10.037 9.674294733 9.673197117 9.676142475     10
blis_packL2_6x2               11.075 8.770601537 8.766746583 8.780508548     10
blis_packL2_4x3               11.317 8.580167494 8.579236933 8.582378320     10
blis_packL3_6x2               17.532 5.541164377 5.537983658 5.554769161     10
blis_packL3_4x3               14.104 6.886447416 6.884066744 6.890181789     10
blis_packL3_4x3asm            20.933 4.639973030 4.638419146 4.641655053     10
blis_packL3_4x3asmpf          21.779 4.460026990 4.458187157 4.470007160     10
blis_omp_4x3asmpf             21.785 4.457675015 4.456881352 4.458612566     10
blis_th_4x3asm                21.774 4.459694224 4.459131983 4.460445488     10
Arguments: fnames = {  }, M = 3840, N = 3840, K = 3840
Frequency                      1.300
PEAK_AVX                      41.601
PEAK_AVX512                   83.201
MKL                           64.977 1.745909216 1.742854493 1.748699407     10
blis_naive_6x2                15.316 7.397098812 7.393909739 7.400149518     10
blis_copyL1_6x2                9.910 11.444449965 11.427391514 11.459324379     10
blis_copyL2_6x2                9.895 11.452300710 11.444421753 11.462564347     10
blis_copyL3_6x2                9.861 11.486527501 11.484536831 11.489014453     10
blis_naive_4x3                12.862 8.808427980 8.804508001 8.818267753     10
blis_copyL1_4x3               10.049 11.272046381 11.269938301 11.273931319     10
blis_copyL2_4x3               10.040 11.283134251 11.279929141 11.289268570     10
blis_copyL3_4x3               10.001 11.326314975 11.323779091 11.332987461     10
blis_packL2_6x2               10.720 10.579759833 10.564060427 10.592027614     10
blis_packL2_4x3               11.323 10.006067687 10.001307203 10.016692533     10
blis_packL3_6x2               17.407 6.507962157 6.505638557 6.520109739     10
blis_packL3_4x3               14.047 8.064631020 8.062038044 8.067617021     10
blis_packL3_4x3asm            21.102 5.367879647 5.366693403 5.369979980     10
blis_packL3_4x3asmpf          21.830 5.188539670 5.187549542 5.190219347     10
blis_omp_4x3asmpf             21.841 5.186028642 5.185137263 5.187457113     10
blis_th_4x3asm                21.826 5.190882594 5.188543799 5.201146055     10
