Arguments: fnames = {  }, M = 192, N = 192, K = 192
Frequency                      3.592
PEAK_AVX                     114.936
BLIS                          65.124 0.000228620 0.000217368 0.000244431     10
blis_naive_6x2                75.912 0.000192083 0.000186477 0.000214988     10
blis_copyL1_6x2               76.309 0.000188666 0.000185507 0.000192171     10
blis_copyL2_6x2               69.715 0.000207468 0.000203053 0.000216996     10
blis_copyL3_6x2               66.709 0.000216388 0.000212202 0.000224851     10
blis_naive_4x3                78.418 0.000187178 0.000180518 0.000208666     10
blis_copyL1_4x3               81.764 0.000175856 0.000173130 0.000178650     10
blis_copyL2_4x3               76.052 0.000189489 0.000186132 0.000196122     10
blis_copyL3_4x3               70.075 0.000205980 0.000202008 0.000217841     10
blis_packL2_6x2               70.691 0.000204735 0.000200250 0.000219434     10
blis_packL2_4x3               75.390 0.000191660 0.000187767 0.000207100     10
blis_packL3_6x2               72.706 0.000198142 0.000194699 0.000203860     10
blis_packL3_4x3               75.836 0.000190140 0.000186662 0.000203260     10
blis_packL3_4x3asm            77.188 0.000189422 0.000183393 0.000215736     10
blis_packL3_4x3asmpf          81.291 0.000177523 0.000174136 0.000187748     10
Arguments: fnames = {  }, M = 384, N = 384, K = 384
Frequency                      3.592
PEAK_AVX                     114.936
BLIS                          80.537 0.001415125 0.001406130 0.001439365     10
blis_naive_6x2                65.241 0.001768240 0.001735808 0.001961141     10
blis_copyL1_6x2               79.671 0.001428921 0.001421418 0.001442037     10
blis_copyL2_6x2               76.082 0.001492121 0.001488467 0.001503143     10
blis_copyL3_6x2               74.892 0.001522587 0.001512126 0.001555913     10
blis_naive_4x3                68.161 0.001691164 0.001661453 0.001795793     10
blis_copyL1_4x3               81.371 0.001396428 0.001391732 0.001405061     10
blis_copyL2_4x3               78.432 0.001453009 0.001443874 0.001470852     10
blis_copyL3_4x3               76.775 0.001481957 0.001475033 0.001507159     10
blis_packL2_6x2               75.630 0.001511173 0.001497370 0.001575993     10
blis_packL2_4x3               78.697 0.001447731 0.001439025 0.001482380     10
blis_packL3_6x2               77.763 0.001464472 0.001456301 0.001480913     10
blis_packL3_4x3               81.177 0.001408562 0.001395045 0.001463061     10
blis_packL3_4x3asm            83.347 0.001368625 0.001358737 0.001411989     10
blis_packL3_4x3asmpf          90.484 0.001258222 0.001251558 0.001282030     10
Arguments: fnames = {  }, M = 576, N = 576, K = 576
Frequency                      3.592
PEAK_AVX                     114.935
BLIS                          88.688 0.004327499 0.004309544 0.004384147     10
blis_naive_6x2                62.497 0.006161562 0.006115562 0.006446548     10
blis_copyL1_6x2               77.711 0.004936061 0.004918285 0.004966634     10
blis_copyL2_6x2               76.384 0.005016585 0.005003747 0.005050245     10
blis_copyL3_6x2               75.655 0.005063945 0.005051966 0.005118644     10
blis_naive_4x3                67.345 0.005700242 0.005675310 0.005853315     10
blis_copyL1_4x3               80.929 0.004732304 0.004722722 0.004760783     10
blis_copyL2_4x3               78.392 0.004883749 0.004875568 0.004903221     10
blis_copyL3_4x3               78.534 0.004877632 0.004866762 0.004924890     10
blis_packL2_6x2               75.332 0.005102498 0.005073623 0.005243150     10
blis_packL2_4x3               78.565 0.004874625 0.004864807 0.004902678     10
blis_packL3_6x2               75.763 0.005064775 0.005044740 0.005138534     10
blis_packL3_4x3               80.078 0.004793139 0.004772892 0.004880247     10
blis_packL3_4x3asm            81.609 0.004705752 0.004683364 0.004787320     10
blis_packL3_4x3asmpf          94.675 0.004057994 0.004037043 0.004146666     10
Arguments: fnames = {  }, M = 768, N = 768, K = 768
Frequency                      3.592
PEAK_AVX                     114.935
BLIS                          93.101 0.009773571 0.009731062 0.009852200     10
blis_naive_6x2                50.744 0.017872254 0.017853759 0.017907633     10
blis_copyL1_6x2               84.399 0.010755302 0.010734391 0.010781184     10
blis_copyL2_6x2               85.483 0.010615168 0.010598290 0.010633056     10
blis_copyL3_6x2               85.147 0.010654050 0.010640124 0.010663822     10
blis_naive_4x3                49.442 0.018355446 0.018323955 0.018384833     10
blis_copyL1_4x3               88.498 0.010253206 0.010237175 0.010272503     10
blis_copyL2_4x3               88.096 0.010293563 0.010283892 0.010303531     10
blis_copyL3_4x3               87.539 0.010359905 0.010349310 0.010384595     10
blis_packL2_6x2               85.315 0.010630484 0.010619055 0.010640679     10
blis_packL2_4x3               89.082 0.010176508 0.010170013 0.010197016     10
blis_packL3_6x2               90.267 0.010049351 0.010036574 0.010058918     10
blis_packL3_4x3               94.280 0.009619929 0.009609385 0.009633371     10
blis_packL3_4x3asm            95.346 0.009513525 0.009501925 0.009531450     10
blis_packL3_4x3asmpf          98.955 0.009169164 0.009155330 0.009188288     10
Arguments: fnames = {  }, M = 960, N = 960, K = 960
Frequency                      3.592
PEAK_AVX                     114.936
BLIS                          97.521 0.018152826 0.018144541 0.018169851     10
blis_naive_6x2                63.483 0.027890263 0.027873137 0.027914543     10
blis_copyL1_6x2               78.157 0.022656935 0.022639887 0.022688620     10
blis_copyL2_6x2               82.350 0.021506523 0.021487298 0.021562848     10
blis_copyL3_6x2               83.033 0.021344412 0.021310373 0.021383490     10
blis_naive_4x3                64.049 0.027648276 0.027627059 0.027666251     10
blis_copyL1_4x3               80.686 0.021965902 0.021930400 0.022051832     10
blis_copyL2_4x3               85.215 0.020800209 0.020764889 0.020853246     10
blis_copyL3_4x3               85.807 0.020663946 0.020621594 0.020733869     10
blis_packL2_6x2               82.043 0.021585222 0.021567530 0.021608616     10
blis_packL2_4x3               86.443 0.020515352 0.020469699 0.020571415     10
blis_packL3_6x2               86.433 0.020524532 0.020472084 0.020624715     10
blis_packL3_4x3               90.066 0.019680309 0.019646486 0.019766040     10
blis_packL3_4x3asm            90.930 0.019505198 0.019459719 0.019545613     10
blis_packL3_4x3asmpf         100.310 0.017645823 0.017640110 0.017661260     10
Arguments: fnames = {  }, M = 1152, N = 1152, K = 1152
Frequency                      3.592
PEAK_AVX                     114.936
BLIS                          98.796 0.031130763 0.030949104 0.031258891     10
blis_naive_6x2                61.931 0.049597007 0.049371756 0.051357197     10
blis_copyL1_6x2               77.449 0.039495398 0.039479363 0.039509449     10
blis_copyL2_6x2               80.097 0.038198851 0.038174346 0.038220039     10
blis_copyL3_6x2               82.386 0.038079265 0.037113551 0.038267249     10
blis_naive_4x3                62.197 0.049297362 0.049160915 0.050336266     10
blis_copyL1_4x3               79.170 0.038645186 0.038621478 0.038678243     10
blis_copyL2_4x3               83.598 0.036613047 0.036575499 0.036666479     10
blis_copyL3_4x3               86.315 0.035888862 0.035424426 0.036450142     10
blis_packL2_6x2               80.364 0.038184040 0.038047430 0.039076899     10
blis_packL2_4x3               84.984 0.036032267 0.035979074 0.036098033     10
blis_packL3_6x2               82.867 0.036954123 0.036898297 0.037000942     10
blis_packL3_4x3               86.537 0.035379683 0.035333613 0.035422321     10
blis_packL3_4x3asm            91.453 0.034968092 0.033433991 0.035333510     10
blis_packL3_4x3asmpf         100.387 0.030524003 0.030458489 0.030935166     10
Arguments: fnames = {  }, M = 1344, N = 1344, K = 1344
Frequency                      3.592
PEAK_AVX                     114.935
BLIS                          98.532 0.049324465 0.049277472 0.049526784     10
blis_naive_6x2                62.404 0.077998261 0.077806057 0.079457247     10
blis_copyL1_6x2               74.313 0.065354810 0.065337816 0.065389017     10
blis_copyL2_6x2               78.003 0.062274545 0.062246459 0.062298661     10
blis_copyL3_6x2               79.275 0.061884418 0.061247857 0.062314266     10
blis_naive_4x3                62.535 0.077839402 0.077643250 0.079219294     10
blis_copyL1_4x3               76.630 0.063388963 0.063361863 0.063407724     10
blis_copyL2_4x3               80.342 0.060465793 0.060434777 0.060501724     10
blis_copyL3_4x3               81.788 0.059488999 0.059365962 0.060349602     10
blis_packL2_6x2               77.620 0.062687776 0.062553697 0.063684636     10
blis_packL2_4x3               80.958 0.060031583 0.059974982 0.060285637     10
blis_packL3_6x2               84.704 0.058734217 0.057322574 0.059262084     10
blis_packL3_4x3               84.854 0.057294315 0.057221070 0.057743407     10
blis_packL3_4x3asm            86.052 0.056501948 0.056424603 0.056977517     10
blis_packL3_4x3asmpf         101.397 0.047950196 0.047885531 0.048408902     10
Arguments: fnames = {  }, M = 1536, N = 1536, K = 1536
Frequency                      3.592
PEAK_AVX                     114.935
BLIS                          98.407 0.073707175 0.073650496 0.073939004     10
blis_naive_6x2                44.256 0.164067652 0.163770394 0.165995806     10
blis_copyL1_6x2               77.137 0.094006553 0.093959241 0.094108195     10
blis_copyL2_6x2               80.204 0.090397589 0.090366577 0.090504298     10
blis_copyL3_6x2               80.964 0.089579638 0.089517747 0.089928932     10
blis_naive_4x3                42.119 0.172274763 0.172077077 0.173466634     10
blis_copyL1_4x3               80.132 0.090483994 0.090448282 0.090610853     10
blis_copyL2_4x3               82.500 0.087889518 0.087851769 0.087989771     10
blis_copyL3_4x3               83.272 0.087160308 0.087036832 0.087753238     10
blis_packL2_6x2               79.562 0.091235478 0.091095979 0.092282205     10
blis_packL2_4x3               82.748 0.087621125 0.087587820 0.087637737     10
blis_packL3_6x2               85.664 0.084753102 0.084606338 0.085691578     10
blis_packL3_4x3               88.032 0.082428349 0.082330862 0.083041782     10
blis_packL3_4x3asm            89.685 0.080902479 0.080813897 0.081442343     10
blis_packL3_4x3asmpf         101.157 0.071733052 0.071648728 0.072313044     10
Arguments: fnames = {  }, M = 1728, N = 1728, K = 1728
Frequency                      3.592
PEAK_AVX                     114.935
BLIS                         101.685 0.101544476 0.101485769 0.101845341     10
blis_naive_6x2                63.164 0.163778061 0.163376149 0.166313057     10
blis_copyL1_6x2               76.271 0.135623417 0.135300393 0.138240278     10
blis_copyL2_6x2               80.142 0.128798433 0.128766633 0.128834786     10
blis_copyL3_6x2               80.881 0.127653480 0.127588872 0.128004391     10
blis_naive_4x3                62.862 0.164449731 0.164162274 0.166563914     10
blis_copyL1_4x3               78.318 0.131794936 0.131764243 0.131814855     10
blis_copyL2_4x3               81.674 0.126385450 0.126350937 0.126459521     10
blis_copyL3_4x3               82.223 0.125627695 0.125507176 0.126384301     10
blis_packL2_6x2               79.714 0.129606100 0.129457628 0.130702632     10
blis_packL2_4x3               82.179 0.125618538 0.125573886 0.125647705     10
blis_packL3_6x2               85.003 0.121451239 0.121402388 0.121618759     10
blis_packL3_4x3               86.865 0.118911311 0.118799411 0.119685427     10
blis_packL3_4x3asm            87.683 0.117800416 0.117691469 0.118441920     10
blis_packL3_4x3asmpf         101.903 0.101339899 0.101268133 0.101756746     10
Arguments: fnames = {  }, M = 1920, N = 1920, K = 1920
Frequency                      3.592
PEAK_AVX                     114.935
BLIS                         101.642 0.139339350 0.139271069 0.139630257     10
blis_naive_6x2                62.156 0.228139504 0.227744389 0.231399540     10
blis_copyL1_6x2               76.227 0.185758942 0.185704768 0.185805501     10
blis_copyL2_6x2               79.469 0.178168499 0.178130278 0.178208262     10
blis_copyL3_6x2               80.266 0.176483129 0.176360237 0.177263189     10
blis_naive_4x3                62.243 0.227794620 0.227427869 0.230643724     10
blis_copyL1_4x3               78.113 0.181263090 0.181221793 0.181284708     10
blis_copyL2_4x3               81.765 0.173195850 0.173127008 0.173259692     10
blis_copyL3_4x3               81.977 0.172825251 0.172679337 0.173127213     10
blis_packL2_6x2               80.135 0.176955512 0.176648425 0.179108501     10
blis_packL2_4x3               82.714 0.171197720 0.171140291 0.171251649     10
blis_packL3_6x2               84.163 0.168336959 0.168194381 0.168934498     10
blis_packL3_4x3               86.371 0.164038384 0.163894886 0.164755506     10
blis_packL3_4x3asm            87.254 0.162337006 0.162236520 0.162906250     10
blis_packL3_4x3asmpf         102.344 0.138420923 0.138314971 0.139028143     10
Arguments: fnames = {  }, M = 2112, N = 2112, K = 2112
Frequency                      3.592
PEAK_AVX                     114.936
BLIS                         101.811 0.185135665 0.185062539 0.185454071     10
blis_naive_6x2                62.954 0.299518450 0.299286833 0.301318371     10
blis_copyL1_6x2               73.620 0.255993841 0.255925882 0.256056753     10
blis_copyL2_6x2               79.282 0.237697902 0.237649618 0.237736754     10
blis_copyL3_6x2               79.973 0.235699441 0.235596696 0.236316375     10
blis_naive_4x3                62.819 0.300078565 0.299928682 0.301180548     10
blis_copyL1_4x3               76.420 0.246605792 0.246551180 0.246662869     10
blis_copyL2_4x3               81.410 0.231488641 0.231436363 0.231522770     10
blis_copyL3_4x3               81.401 0.231521567 0.231464472 0.231572199     10
blis_packL2_6x2               79.229 0.237868041 0.237809317 0.237903704     10
blis_packL2_4x3               81.870 0.230172774 0.230137953 0.230196036     10
blis_packL3_6x2               84.450 0.223194982 0.223106423 0.223253671     10
blis_packL3_4x3               86.115 0.218963124 0.218791891 0.219873361     10
blis_packL3_4x3asm            87.125 0.216371433 0.216256308 0.217023785     10
blis_packL3_4x3asmpf         101.106 0.186465867 0.186352379 0.187177909     10
Arguments: fnames = {  }, M = 2304, N = 2304, K = 2304
Frequency                      3.592
PEAK_AVX                     114.936
BLIS                         102.833 0.237906748 0.237873548 0.237946211     10
blis_naive_6x2                52.302 0.467786933 0.467695437 0.467873743     10
blis_copyL1_6x2               78.515 0.311621406 0.311546142 0.311681991     10
blis_copyL2_6x2               80.904 0.302406702 0.302350026 0.302471751     10
blis_copyL3_6x2               81.181 0.309910444 0.301317118 0.348894229     10
blis_naive_4x3                53.414 0.462762529 0.457950514 0.503851368     10
blis_copyL1_4x3               80.693 0.303200364 0.303140100 0.303323357     10
blis_copyL2_4x3               83.617 0.293505743 0.292538419 0.301807578     10
blis_copyL3_4x3               83.768 0.292966431 0.292010811 0.301091127     10
blis_packL2_6x2               81.342 0.300811633 0.300721571 0.300847664     10
blis_packL2_4x3               84.440 0.289787004 0.289688153 0.289882583     10
blis_packL3_6x2               86.107 0.284197746 0.284079606 0.284628929     10
blis_packL3_4x3               89.475 0.273520633 0.273386827 0.274402009     10
blis_packL3_4x3asm            90.576 0.270179520 0.270062117 0.270323204     10
blis_packL3_4x3asmpf         103.412 0.242981731 0.236542032 0.280184036     10
Arguments: fnames = {  }, M = 2496, N = 2496, K = 2496
Frequency                      3.592
PEAK_AVX                     114.935
BLIS                         103.115 0.301715224 0.301607268 0.302054625     10
blis_naive_6x2                63.422 0.490495148 0.490368186 0.491110157     10
blis_copyL1_6x2               76.744 0.405318758 0.405244177 0.405394588     10
blis_copyL2_6x2               80.071 0.388449583 0.388408203 0.388481078     10
blis_copyL3_6x2               80.343 0.387248840 0.387092213 0.388163629     10
blis_naive_4x3                63.208 0.492186064 0.492032743 0.492792327     10
blis_copyL1_4x3               78.148 0.398003144 0.397964730 0.398051610     10
blis_copyL2_4x3               81.991 0.379348359 0.379315128 0.379382924     10
blis_copyL3_4x3               82.183 0.378490581 0.378428236 0.378542185     10
blis_packL2_6x2               79.895 0.389310765 0.389266216 0.389404601     10
blis_packL2_4x3               82.561 0.376790278 0.376693437 0.376873482     10
blis_packL3_6x2               85.144 0.365511305 0.365265169 0.366235810     10
blis_packL3_4x3               87.002 0.357723331 0.357467624 0.359244982     10
blis_packL3_4x3asm            87.982 0.353680864 0.353483652 0.354604335     10
blis_packL3_4x3asmpf         104.133 0.298823674 0.298659611 0.299938458     10
Arguments: fnames = {  }, M = 2688, N = 2688, K = 2688
Frequency                      3.592
PEAK_AVX                     114.935
BLIS                         102.693 0.378297793 0.378248595 0.378370541     10
blis_naive_6x2                63.026 0.616350198 0.616308277 0.616388780     10
blis_copyL1_6x2               77.732 0.499776833 0.499706684 0.499817100     10
blis_copyL2_6x2               80.482 0.482685127 0.482636595 0.482746370     10
blis_copyL3_6x2               80.815 0.480826697 0.480645808 0.481867054     10
blis_naive_4x3                62.863 0.618071406 0.617907964 0.618920154     10
blis_copyL1_4x3               78.814 0.492894510 0.492852502 0.492936538     10
blis_copyL2_4x3               82.999 0.468052893 0.467996670 0.468138002     10
blis_copyL3_4x3               83.083 0.467602711 0.467528240 0.467730395     10
blis_packL2_6x2               81.273 0.477967550 0.477938979 0.478040179     10
blis_packL2_4x3               83.733 0.463963305 0.463897479 0.464074933     10
blis_packL3_6x2               84.802 0.458115613 0.458049357 0.458300728     10
blis_packL3_4x3               86.458 0.449850821 0.449274605 0.450761560     10
blis_packL3_4x3asm            87.418 0.444704364 0.444341707 0.444865800     10
blis_packL3_4x3asmpf         103.077 0.376910986 0.376839470 0.377224628     10
Arguments: fnames = {  }, M = 2880, N = 2880, K = 2880
Frequency                      3.592
PEAK_AVX                     114.935
BLIS                         102.745 0.465058139 0.464995246 0.465230577     10
blis_naive_6x2                63.042 0.757870748 0.757836819 0.757914123     10
blis_copyL1_6x2               74.462 0.641765397 0.641611292 0.641970840     10
blis_copyL2_6x2               79.283 0.602670459 0.602599254 0.602846036     10
blis_copyL3_6x2               79.638 0.600075772 0.599910334 0.600748793     10
blis_naive_4x3                63.054 0.780929163 0.757697225 0.988800361     10
blis_copyL1_4x3               77.553 0.616124521 0.616041189 0.616274221     10
blis_copyL2_4x3               81.758 0.584409268 0.584356925 0.584462857     10
blis_copyL3_4x3               81.971 0.602870179 0.582838506 0.765335220     10
blis_packL2_6x2               79.358 0.602131987 0.602028778 0.602315163     10
blis_packL2_4x3               82.292 0.580638893 0.580562197 0.580732660     10
blis_packL3_6x2               83.920 0.590254782 0.569299937 0.747018384     10
blis_packL3_4x3               86.108 0.554996067 0.554833079 0.555561416     10
blis_packL3_4x3asm            87.322 0.547436665 0.547121707 0.548218644     10
blis_packL3_4x3asmpf         103.961 0.459648909 0.459554084 0.460224545     10
Arguments: fnames = {  }, M = 3072, N = 3072, K = 3072
Frequency                      3.592
PEAK_AVX                     114.935
BLIS                         102.595 0.565210396 0.565155099 0.565291557     10
blis_naive_6x2                43.598 1.330039066 1.329931672 1.330102286     10
blis_copyL1_6x2               74.802 0.775210337 0.775136862 0.775298046     10
blis_copyL2_6x2               80.407 0.721172843 0.721110400 0.721331257     10
blis_copyL3_6x2               80.573 0.719660181 0.719623600 0.719778771     10
blis_naive_4x3                41.925 1.383109145 1.382989212 1.383326544     10
blis_copyL1_4x3               77.694 0.746430376 0.746287885 0.746628813     10
blis_copyL2_4x3               83.643 0.694483441 0.693206429 0.705202916     10
blis_copyL3_4x3               84.132 0.707293673 0.689181023 0.795066565     10
blis_packL2_6x2               79.934 0.725445669 0.725372061 0.725518906     10
blis_packL2_4x3               82.916 0.699387768 0.699284240 0.699520001     10
blis_packL3_6x2               85.410 0.678967265 0.678869992 0.679070560     10
blis_packL3_4x3               88.316 0.660144329 0.656531072 0.691919324     10
blis_packL3_4x3asm            89.605 0.648700098 0.647084297 0.661773422     10
blis_packL3_4x3asmpf         102.651 0.565396646 0.564847126 0.569796239     10
Arguments: fnames = {  }, M = 3264, N = 3264, K = 3264
Frequency                      3.592
PEAK_AVX                     114.935
BLIS                         104.124 0.668065266 0.667924868 0.668423457     10
blis_naive_6x2                63.167 1.101218353 1.101009503 1.101939045     10
blis_copyL1_6x2               75.154 0.925500967 0.925402053 0.925563406     10
blis_copyL2_6x2               79.648 0.873268501 0.873183595 0.873323493     10
blis_copyL3_6x2               79.763 0.872129957 0.871923869 0.873302126     10
blis_naive_4x3                63.051 1.103198700 1.103040382 1.103914469     10
blis_copyL1_4x3               78.070 0.894488894 0.890831718 0.926451369     10
blis_copyL2_4x3               82.078 0.847447098 0.847332471 0.847572568     10
blis_copyL3_4x3               82.403 0.844056749 0.843991009 0.844159386     10
blis_packL2_6x2               79.474 0.875168371 0.875095587 0.875257617     10
blis_packL2_4x3               82.307 0.845115719 0.844976170 0.845240211     10
blis_packL3_6x2               84.600 0.822409162 0.822073694 0.823839034     10
blis_packL3_4x3               86.594 0.807454110 0.803146640 0.845102984     10
blis_packL3_4x3asm            87.828 0.791945508 0.791856906 0.792011326     10
blis_packL3_4x3asmpf         104.550 0.676691390 0.665209349 0.779554878     10
Arguments: fnames = {  }, M = 3456, N = 3456, K = 3456
Frequency                      3.592
PEAK_AVX                     114.936
BLIS                         103.959 0.794734944 0.794125365 0.795505225     10
blis_naive_6x2                62.362 1.324036681 1.323834506 1.325059696     10
blis_copyL1_6x2               75.975 1.093143833 1.086620766 1.151253478     10
blis_copyL2_6x2               80.220 1.029213315 1.029128228 1.029312161     10
blis_copyL3_6x2               80.293 1.039706636 1.028193210 1.120252072     10
blis_naive_4x3                62.358 1.324137594 1.323904829 1.325166289     10
blis_copyL1_4x3               77.152 1.070191124 1.070048298 1.070453580     10
blis_copyL2_4x3               82.657 0.998936260 0.998787363 0.999132029     10
blis_copyL3_4x3               83.082 0.999128317 0.993679083 1.034145199     10
blis_packL2_6x2               80.884 1.020984328 1.020682550 1.022900457     10
blis_packL2_4x3               83.653 0.987199607 0.986896049 0.987440725     10
blis_packL3_6x2               84.572 0.987943421 0.976172506 1.043731399     10
blis_packL3_4x3               86.677 0.952736662 0.952463011 0.954005161     10
blis_packL3_4x3asm            87.895 0.939703783 0.939265256 0.941037249     10
blis_packL3_4x3asmpf         103.893 0.795822329 0.794626183 0.805773243     10
Arguments: fnames = {  }, M = 3648, N = 3648, K = 3648
Frequency                      3.592
PEAK_AVX                     114.935
BLIS                         103.684 0.936558212 0.936443125 0.936704190     10
blis_naive_6x2                62.506 1.553546910 1.553366327 1.553922414     10
blis_copyL1_6x2               74.312 1.308625091 1.306583402 1.326324329     10
blis_copyL2_6x2               79.385 1.226714483 1.223088357 1.258285193     10
blis_copyL3_6x2               79.429 1.222512987 1.222400687 1.222633665     10
blis_naive_4x3                62.248 1.560072873 1.559791355 1.560244831     10
blis_copyL1_4x3               75.339 1.291364691 1.288768687 1.313464678     10
blis_copyL2_4x3               81.199 1.202249646 1.195756250 1.259323887     10
blis_copyL3_4x3               81.551 1.190777484 1.190597723 1.190917982     10
blis_packL2_6x2               79.434 1.222403137 1.222324557 1.222484559     10
blis_packL2_4x3               81.534 1.191024900 1.190847425 1.191082982     10
blis_packL3_6x2               84.578 1.148896841 1.147990430 1.149674273     10
blis_packL3_4x3               86.219 1.131373035 1.126135990 1.176568864     10
blis_packL3_4x3asm            87.445 1.110485071 1.110348257 1.110637794     10
blis_packL3_4x3asmpf         104.113 0.932709707 0.932588921 0.932800442     10
Arguments: fnames = {  }, M = 3840, N = 3840, K = 3840
Frequency                      3.592
PEAK_AVX                     114.935
BLIS                         103.623 1.093079854 1.092864168 1.093376013     10
blis_naive_6x2                52.614 2.156529262 2.152383006 2.191068125     10
blis_copyL1_6x2               77.869 1.454525546 1.454315407 1.454754104     10
blis_copyL2_6x2               80.072 1.414570389 1.414310035 1.414839378     10
blis_copyL3_6x2               80.375 1.415660457 1.408964887 1.468244277     10
blis_naive_4x3                53.731 2.108188981 2.107643815 2.110609727     10
blis_copyL1_4x3               79.304 1.430916908 1.428003927 1.455797494     10
blis_copyL2_4x3               82.256 1.376945326 1.376750272 1.377118045     10
blis_copyL3_4x3               82.730 1.368987010 1.368860073 1.369125420     10
blis_packL2_6x2               80.764 1.402332399 1.402184269 1.402445758     10
blis_packL2_4x3               83.205 1.361419745 1.361043786 1.361884335     10
blis_packL3_6x2               85.063 1.331463176 1.331320636 1.331617017     10
blis_packL3_4x3               88.477 1.280264410 1.279945984 1.280407415     10
blis_packL3_4x3asm            89.773 1.277629640 1.261473626 1.422085615     10
blis_packL3_4x3asmpf         103.516 1.094656515 1.093999798 1.095253659     10
