Arguments: fnames = {  }, M = 192, N = 192, K = 192
Frequency                      3.592
PEAK_AVX                     114.936
BLIS                          66.098 0.000220324 0.000214165 0.000243071     10
blis_naive_6x2                76.853 0.000187439 0.000184193 0.000200803     10
blis_copyL1_6x2               70.551 0.000203396 0.000200647 0.000207426     10
blis_copyL2_6x2               64.670 0.000221682 0.000218892 0.000228243     10
blis_copyL3_6x2               60.218 0.000240325 0.000235074 0.000256059     10
blis_naive_4x3                53.206 0.000269053 0.000266055 0.000279869     10
blis_copyL1_4x3               49.808 0.000286986 0.000284207 0.000290774     10
blis_copyL2_4x3               47.052 0.000304537 0.000300855 0.000309960     10
blis_copyL3_4x3               44.540 0.000322302 0.000317822 0.000335449     10
blis_packL2_6x2               69.284 0.000207335 0.000204316 0.000215000     10
blis_packL2_4x3               47.862 0.000300428 0.000295763 0.000309905     10
blis_packL3_6x2               71.734 0.000200866 0.000197336 0.000206165     10
blis_packL3_4x3               47.601 0.000300740 0.000297384 0.000316356     10
blis_packL3_4x3asm            77.258 0.000186119 0.000183228 0.000197419     10
blis_packL3_4x3asmpf          81.210 0.000177590 0.000174310 0.000188149     10
blis_omp_4x3asmpf             78.165 0.000186095 0.000181100 0.000213340     10
blis_th_4x3asm                78.730 0.000183854 0.000179802 0.000204094     10
Arguments: fnames = {  }, M = 384, N = 384, K = 384
Frequency                      3.592
PEAK_AVX                     114.935
BLIS                          80.792 0.001414681 0.001401707 0.001447426     10
blis_naive_6x2                62.745 0.001844935 0.001804851 0.002032473     10
blis_copyL1_6x2               70.664 0.001612405 0.001602612 0.001641665     10
blis_copyL2_6x2               68.041 0.001672629 0.001664393 0.001704843     10
blis_copyL3_6x2               67.128 0.001696672 0.001687010 0.001743396     10
blis_naive_4x3                49.531 0.002314506 0.002286353 0.002449161     10
blis_copyL1_4x3               49.287 0.002305736 0.002297677 0.002318184     10
blis_copyL2_4x3               47.881 0.002373863 0.002365137 0.002388850     10
blis_copyL3_4x3               47.486 0.002394013 0.002384844 0.002427311     10
blis_packL2_6x2               74.292 0.001536227 0.001524342 0.001596433     10
blis_packL2_4x3               48.013 0.002367752 0.002358678 0.002397311     10
blis_packL3_6x2               77.145 0.001474850 0.001467963 0.001487295     10
blis_packL3_4x3               49.336 0.002311784 0.002295399 0.002350151     10
blis_packL3_4x3asm            81.877 0.001392497 0.001383128 0.001437330     10
blis_packL3_4x3asmpf          88.557 0.001283646 0.001278794 0.001311701     10
blis_omp_4x3asmpf             88.615 0.001288377 0.001277959 0.001332390     10
blis_th_4x3asm                88.391 0.001288877 0.001281202 0.001319616     10
Arguments: fnames = {  }, M = 576, N = 576, K = 576
Frequency                      3.592
PEAK_AVX                     114.936
BLIS                          88.497 0.004332084 0.004318835 0.004389024     10
blis_naive_6x2                61.452 0.006296692 0.006219592 0.006667030     10
blis_copyL1_6x2               71.513 0.005362466 0.005344571 0.005411386     10
blis_copyL2_6x2               69.343 0.005522884 0.005511797 0.005549505     10
blis_copyL3_6x2               69.102 0.005543864 0.005531032 0.005600816     10
blis_naive_4x3                51.823 0.007417597 0.007375266 0.007616088     10
blis_copyL1_4x3               50.231 0.007630954 0.007609026 0.007650263     10
blis_copyL2_4x3               48.776 0.007850885 0.007835904 0.007881037     10
blis_copyL3_4x3               48.742 0.007855973 0.007841372 0.007912259     10
blis_packL2_6x2               75.345 0.005098386 0.005072738 0.005243613     10
blis_packL2_4x3               48.916 0.007828471 0.007813551 0.007862429     10
blis_packL3_6x2               75.297 0.005096512 0.005075989 0.005170128     10
blis_packL3_4x3               49.478 0.007744158 0.007724702 0.007824040     10
blis_packL3_4x3asm            82.007 0.004680148 0.004660648 0.004753460     10
blis_packL3_4x3asmpf          93.857 0.004089220 0.004072236 0.004187000     10
blis_omp_4x3asmpf             93.708 0.004094712 0.004078695 0.004196752     10
blis_th_4x3asm                93.598 0.004096202 0.004083462 0.004189121     10
Arguments: fnames = {  }, M = 768, N = 768, K = 768
Frequency                      3.592
PEAK_AVX                     114.936
BLIS                          92.561 0.009809360 0.009787841 0.009934791     10
blis_naive_6x2                49.873 0.018562599 0.018165491 0.021985786     10
blis_copyL1_6x2               73.966 0.012260459 0.012248469 0.012270743     10
blis_copyL2_6x2               73.939 0.012260459 0.012252863 0.012265268     10
blis_copyL3_6x2               74.694 0.012143616 0.012129071 0.012162430     10
blis_naive_4x3                46.976 0.019305703 0.019285736 0.019345261     10
blis_copyL1_4x3               50.802 0.017842590 0.017833488 0.017860209     10
blis_copyL2_4x3               50.508 0.017948293 0.017937288 0.017957147     10
blis_copyL3_4x3               50.596 0.018133565 0.017905868 0.018497212     10
blis_packL2_6x2               75.914 0.012061174 0.011934102 0.012274785     10
blis_packL2_4x3               50.975 0.017845219 0.017772911 0.018397287     10
blis_packL3_6x2               88.733 0.010219068 0.010210024 0.010230350     10
blis_packL3_4x3               53.344 0.017136540 0.016983613 0.017452770     10
blis_packL3_4x3asm            89.198 0.010188801 0.010156828 0.010350604     10
blis_packL3_4x3asmpf          97.302 0.009344883 0.009310930 0.009469514     10
blis_omp_4x3asmpf             97.402 0.009324762 0.009301317 0.009480543     10
blis_th_4x3asm                97.345 0.009331157 0.009306809 0.009461765     10
Arguments: fnames = {  }, M = 960, N = 960, K = 960
Frequency                      3.592
PEAK_AVX                     114.936
BLIS                          97.216 0.018343367 0.018201469 0.018608335     10
blis_naive_6x2                63.383 0.027938941 0.027917095 0.027963219     10
blis_copyL1_6x2               71.624 0.024716832 0.024704910 0.024730323     10
blis_copyL2_6x2               73.562 0.024089013 0.024054299 0.024119614     10
blis_copyL3_6x2               74.336 0.023836897 0.023803699 0.023908465     10
blis_naive_4x3                50.866 0.034815310 0.034786946 0.034836443     10
blis_copyL1_4x3               49.618 0.035678017 0.035661889 0.035692375     10
blis_copyL2_4x3               50.313 0.035196599 0.035169607 0.035228886     10
blis_copyL3_4x3               50.497 0.035092974 0.035041189 0.035144959     10
blis_packL2_6x2               81.185 0.021837171 0.021795510 0.021937169     10
blis_packL2_4x3               50.511 0.035044352 0.035031527 0.035060813     10
blis_packL3_6x2               85.356 0.020774136 0.020730609 0.020830408     10
blis_packL3_4x3               52.287 0.033869655 0.033841557 0.033915411     10
blis_packL3_4x3asm            89.831 0.019769453 0.019697798 0.020045271     10
blis_packL3_4x3asmpf          99.185 0.017854126 0.017840070 0.017870718     10
blis_omp_4x3asmpf             99.268 0.017833688 0.017825113 0.017866201     10
blis_th_4x3asm                99.421 0.017811812 0.017797759 0.017840463     10
Arguments: fnames = {  }, M = 1152, N = 1152, K = 1152
Frequency                      3.592
PEAK_AVX                     114.935
BLIS                          98.128 0.031367424 0.031159922 0.031440131     10
blis_naive_6x2                60.982 0.050342161 0.050140447 0.051979645     10
blis_copyL1_6x2               70.773 0.043228441 0.043203578 0.043275473     10
blis_copyL2_6x2               72.170 0.042402917 0.042367202 0.042457998     10
blis_copyL3_6x2               74.615 0.042118298 0.040979188 0.042267941     10
blis_naive_4x3                49.791 0.061577976 0.061410248 0.062811293     10
blis_copyL1_4x3               49.023 0.062391599 0.062371150 0.062427513     10
blis_copyL2_4x3               50.140 0.061178888 0.060981985 0.061265911     10
blis_copyL3_4x3               50.556 0.060521787 0.060480479 0.060724536     10
blis_packL2_6x2               77.232 0.039630058 0.039590565 0.039754119     10
blis_packL2_4x3               50.030 0.061459120 0.061116560 0.061623729     10
blis_packL3_6x2               85.003 0.037149887 0.035971134 0.037315914     10
blis_packL3_4x3               51.445 0.059581455 0.059434720 0.060032605     10
blis_packL3_4x3asm            86.311 0.035552039 0.035425834 0.035999615     10
blis_packL3_4x3asmpf          99.917 0.030658200 0.030601898 0.030964177     10
blis_omp_4x3asmpf             99.872 0.030688704 0.030615737 0.031096750     10
blis_th_4x3asm                99.752 0.030716358 0.030652425 0.031099971     10
Arguments: fnames = {  }, M = 1344, N = 1344, K = 1344
Frequency                      3.592
PEAK_AVX                     114.936
BLIS                          98.162 0.049529774 0.049463590 0.049844432     10
blis_naive_6x2                62.055 0.081065529 0.078243905 0.103940872     10
blis_copyL1_6x2               69.123 0.097610256 0.070243050 0.124897025     10
blis_copyL2_6x2               70.830 0.068578481 0.068550334 0.068601267     10
blis_copyL3_6x2               71.431 0.068089735 0.067973604 0.068128086     10
blis_naive_4x3                49.608 0.098014629 0.097875855 0.098936286     10
blis_copyL1_4x3               48.549 0.100042343 0.100010582 0.100069488     10
blis_copyL2_4x3               49.098 0.098916742 0.098892259 0.098932649     10
blis_copyL3_4x3               49.669 0.097857580 0.097756528 0.098506105     10
blis_packL2_6x2               77.200 0.063073791 0.062894514 0.064454449     10
blis_packL2_4x3               49.394 0.098319474 0.098299532 0.098344573     10
blis_packL3_6x2               82.588 0.058875048 0.058790812 0.059116292     10
blis_packL3_4x3               51.343 0.094640214 0.094568796 0.095110187     10
blis_packL3_4x3asm            85.687 0.056757535 0.056664692 0.057164322     10
blis_packL3_4x3asmpf         101.104 0.048084456 0.048024341 0.048546456     10
blis_omp_4x3asmpf            101.116 0.048084505 0.048018245 0.048538445     10
blis_th_4x3asm               101.108 0.048092812 0.048022338 0.048592507     10
Arguments: fnames = {  }, M = 1536, N = 1536, K = 1536
Frequency                      3.592
PEAK_AVX                     114.936
BLIS                          98.163 0.073918353 0.073834213 0.074231558     10
blis_naive_6x2                44.836 0.161891256 0.161648889 0.163896444     10
blis_copyL1_6x2               70.872 0.102291707 0.102265432 0.102321203     10
blis_copyL2_6x2               72.251 0.100342214 0.100313798 0.100367664     10
blis_copyL3_6x2               72.957 0.099429001 0.099342574 0.099952686     10
blis_naive_4x3                41.797 0.173622769 0.173401714 0.175269675     10
blis_copyL1_4x3               49.259 0.152441597 0.147134731 0.159246098     10
blis_copyL2_4x3               49.880 0.145325109 0.145302722 0.145355796     10
blis_copyL3_4x3               49.905 0.145277941 0.145232500 0.145407143     10
blis_packL2_6x2               78.898 0.091980321 0.091862875 0.092895445     10
blis_packL2_4x3               50.081 0.144765928 0.144721894 0.144786859     10
blis_packL3_6x2               85.897 0.084650118 0.084377038 0.085290997     10
blis_packL3_4x3               52.374 0.138466975 0.138383530 0.138985839     10
blis_packL3_4x3asm            88.843 0.081674918 0.081579090 0.082158376     10
blis_packL3_4x3asmpf         101.073 0.071828864 0.071707811 0.072550634     10
blis_omp_4x3asmpf            101.057 0.071738496 0.071719149 0.071817804     10
blis_th_4x3asm               101.011 0.071764686 0.071751939 0.071807611     10
Arguments: fnames = {  }, M = 1728, N = 1728, K = 1728
Frequency                      3.592
PEAK_AVX                     114.935
BLIS                         101.388 0.101893581 0.101782368 0.102320967     10
blis_naive_6x2                62.874 0.164308152 0.164132103 0.165565652     10
blis_copyL1_6x2               70.422 0.146571373 0.146538095 0.146591740     10
blis_copyL2_6x2               72.342 0.142682959 0.142648906 0.142729829     10
blis_copyL3_6x2               72.977 0.141469918 0.141408096 0.141498367     10
blis_naive_4x3                49.915 0.216698305 0.206742663 0.240658059     10
blis_copyL1_4x3               49.316 0.209282046 0.209254763 0.209317409     10
blis_copyL2_4x3               49.757 0.207434725 0.207398606 0.207485445     10
blis_copyL3_4x3               49.855 0.207129759 0.206992680 0.207665889     10
blis_packL2_6x2               79.183 0.130492985 0.130325088 0.131530721     10
blis_packL2_4x3               50.048 0.206230284 0.206193453 0.206266193     10
blis_packL3_6x2               84.968 0.121509178 0.121451987 0.121584659     10
blis_packL3_4x3               51.998 0.198571790 0.198461339 0.199247479     10
blis_packL3_4x3asm            87.204 0.118452372 0.118337623 0.119064475     10
blis_packL3_4x3asmpf         101.709 0.101518230 0.101461768 0.101950116     10
blis_omp_4x3asmpf            101.721 0.101553703 0.101449872 0.101933452     10
blis_th_4x3asm               101.697 0.101573708 0.101474068 0.101769035     10
Arguments: fnames = {  }, M = 1920, N = 1920, K = 1920
Frequency                      3.592
PEAK_AVX                     114.936
BLIS                         101.341 0.139879598 0.139685119 0.140428818     10
blis_naive_6x2                61.889 0.255262416 0.228727502 0.366426332     10
blis_copyL1_6x2               69.755 0.202954249 0.202936516 0.202984574     10
blis_copyL2_6x2               71.565 0.197865651 0.197803695 0.197907473     10
blis_copyL3_6x2               72.274 0.195987530 0.195861388 0.196725685     10
blis_naive_4x3                49.539 0.285924216 0.285751178 0.286820285     10
blis_copyL1_4x3               48.421 0.292398334 0.292349233 0.292451275     10
blis_copyL2_4x3               49.381 0.286703329 0.286663766 0.286748194     10
blis_copyL3_4x3               49.429 0.286550541 0.286384042 0.286905034     10
blis_packL2_6x2               79.249 0.200078929 0.178624221 0.256090381     10
blis_packL2_4x3               49.690 0.284953708 0.284879182 0.285013865     10
blis_packL3_6x2               84.093 0.168459610 0.168335609 0.169065080     10
blis_packL3_4x3               51.515 0.274909741 0.274791373 0.275496385     10
blis_packL3_4x3asm            86.862 0.163103221 0.162967751 0.163693755     10
blis_packL3_4x3asmpf         102.584 0.138095790 0.137991651 0.138762138     10
blis_omp_4x3asmpf            102.431 0.138290185 0.138198098 0.138946260     10
blis_th_4x3asm               102.294 0.138477669 0.138383682 0.139058522     10
Arguments: fnames = {  }, M = 2112, N = 2112, K = 2112
Frequency                      3.592
PEAK_AVX                     114.935
BLIS                         101.419 0.185896937 0.185778092 0.186254536     10
blis_naive_6x2                62.598 0.301188273 0.300989850 0.302373015     10
blis_copyL1_6x2               69.339 0.271745637 0.271727750 0.271774989     10
blis_copyL2_6x2               71.939 0.261943677 0.261906400 0.261996571     10
blis_copyL3_6x2               72.465 0.260125483 0.260004331 0.260733897     10
blis_naive_4x3                49.573 0.380217453 0.380070777 0.380962895     10
blis_copyL1_4x3               48.685 0.387038201 0.387001389 0.387072725     10
blis_copyL2_4x3               49.668 0.379388015 0.379342199 0.379442826     10
blis_copyL3_4x3               49.671 0.379361554 0.379320107 0.379397744     10
blis_packL2_6x2               78.815 0.239097444 0.239056565 0.239156437     10
blis_packL2_4x3               49.871 0.377844382 0.377801671 0.377902558     10
blis_packL3_6x2               84.469 0.223137826 0.223057066 0.223207035     10
blis_packL3_4x3               51.643 0.364946269 0.364841030 0.365417500     10
blis_packL3_4x3asm            71.145 0.296948625 0.264831075 0.300542714     10
blis_packL3_4x3asmpf         101.070 0.214619825 0.186417851 0.279857001     10
blis_omp_4x3asmpf            101.097 0.186405343 0.186368009 0.186474695     10
blis_th_4x3asm               101.054 0.186478031 0.186448793 0.186526143     10
Arguments: fnames = {  }, M = 2304, N = 2304, K = 2304
Frequency                      3.592
PEAK_AVX                     114.935
BLIS                         102.454 0.239718735 0.238753739 0.240316490     10
blis_naive_6x2                52.675 0.464744619 0.464376888 0.467231329     10
blis_copyL1_6x2               71.505 0.342101206 0.342089858 0.342121796     10
blis_copyL2_6x2               72.824 0.504369205 0.335894273 0.612137835     10
blis_copyL3_6x2               73.134 0.334567348 0.334469450 0.335222530     10
blis_naive_4x3                49.061 0.498894542 0.498587994 0.500885214     10
blis_copyL1_4x3               49.215 0.497085108 0.497029097 0.497211479     10
blis_copyL2_4x3               50.117 0.488131838 0.488082544 0.488240738     10
blis_copyL3_4x3               50.120 0.488110517 0.488055178 0.488172887     10
blis_packL2_6x2               80.708 0.303124204 0.303083844 0.303158760     10
blis_packL2_4x3               50.605 0.483422450 0.483376183 0.483459262     10
blis_packL3_6x2               86.189 0.284140093 0.283808656 0.284692457     10
blis_packL3_4x3               52.825 0.463219425 0.463059970 0.463997093     10
blis_packL3_4x3asm            90.302 0.290959143 0.270881304 0.376932753     10
blis_packL3_4x3asmpf         103.359 0.236686228 0.236661928 0.236728887     10
blis_omp_4x3asmpf            103.379 0.236656486 0.236617163 0.236714042     10
blis_th_4x3asm               103.322 0.236780898 0.236746336 0.236827273     10
Arguments: fnames = {  }, M = 2496, N = 2496, K = 2496
Frequency                      3.592
PEAK_AVX                     114.936
BLIS                         102.636 0.305244885 0.303013789 0.323675700     10
blis_naive_6x2                63.150 0.492666023 0.492483359 0.493335453     10
blis_copyL1_6x2               70.586 0.440654569 0.440603688 0.440869328     10
blis_copyL2_6x2               72.504 0.429028880 0.428944188 0.429104913     10
blis_copyL3_6x2               72.875 0.426931913 0.426761567 0.427712369     10
blis_naive_4x3                50.112 0.620724668 0.620618713 0.621061378     10
blis_copyL1_4x3               49.196 0.637741829 0.632163926 0.667352457     10
blis_copyL2_4x3               49.817 0.624367423 0.624294617 0.624460645     10
blis_copyL3_4x3               49.808 0.624477529 0.624405043 0.624560383     10
blis_packL2_6x2               79.410 0.391707358 0.391642284 0.391861181     10
blis_packL2_4x3               50.075 0.621123825 0.621076938 0.621206755     10
blis_packL3_6x2               85.010 0.365936659 0.365843006 0.366105463     10
blis_packL3_4x3               51.923 0.600007515 0.598965428 0.608383610     10
blis_packL3_4x3asm            87.681 0.354877700 0.354698076 0.355691431     10
blis_packL3_4x3asmpf         104.052 0.299038352 0.298889952 0.300104787     10
blis_omp_4x3asmpf            104.113 0.298848040 0.298715579 0.299747375     10
blis_th_4x3asm               103.981 0.299229247 0.299095709 0.300117338     10
Arguments: fnames = {  }, M = 2688, N = 2688, K = 2688
Frequency                      3.592
PEAK_AVX                     114.935
BLIS                         102.151 0.380526463 0.380256562 0.380776201     10
blis_naive_6x2                62.512 0.621430714 0.621374472 0.621501537     10
blis_copyL1_6x2               70.336 0.552352684 0.552256442 0.552453945     10
blis_copyL2_6x2               71.926 0.540135943 0.540048836 0.540205751     10
blis_copyL3_6x2               72.121 0.538756471 0.538589692 0.539311792     10
blis_naive_4x3                49.757 0.780824552 0.780664099 0.781564103     10
blis_copyL1_4x3               48.782 0.796370973 0.796267129 0.796455663     10
blis_copyL2_4x3               49.875 0.778883221 0.778816291 0.778984139     10
blis_copyL3_4x3               49.901 0.778473195 0.778417470 0.778520798     10
blis_packL2_6x2               79.706 0.487402585 0.487333610 0.487532370     10
blis_packL2_4x3               50.171 0.774344015 0.774217486 0.774522882     10
blis_packL3_6x2               84.248 0.461254733 0.461060001 0.461495963     10
blis_packL3_4x3               51.706 0.751480945 0.751234327 0.752532209     10
blis_packL3_4x3asm            87.303 0.445034466 0.444927887 0.445144907     10
blis_packL3_4x3asmpf         103.364 0.375858074 0.375792051 0.375942874     10
blis_omp_4x3asmpf            103.295 0.376100136 0.376043699 0.376179364     10
blis_th_4x3asm               103.163 0.376622656 0.376526035 0.376733081     10
Arguments: fnames = {  }, M = 2880, N = 2880, K = 2880
Frequency                      3.592
PEAK_AVX                     114.935
BLIS                         102.368 0.466925802 0.466706838 0.467257644     10
blis_naive_6x2                62.662 0.789035537 0.762431570 1.025539907     10
blis_copyL1_6x2               69.599 0.686500143 0.686447243 0.686551972     10
blis_copyL2_6x2               71.656 0.666810722 0.666739447 0.666986018     10
blis_copyL3_6x2               71.755 0.665898550 0.665819174 0.666126711     10
blis_naive_4x3                49.655 0.962246853 0.962144571 0.962429786     10
blis_copyL1_4x3               48.791 0.984657124 0.979197577 1.032813907     10
blis_copyL2_4x3               49.669 0.961991440 0.961877372 0.962064976     10
blis_copyL3_4x3               49.648 0.962391754 0.962290445 0.962502197     10
blis_packL2_6x2               78.801 0.606384068 0.606286145 0.606497440     10
blis_packL2_4x3               49.966 0.956243092 0.956158020 0.956344959     10
blis_packL3_6x2               83.565 0.571798631 0.571722269 0.571971537     10
blis_packL3_4x3               51.560 0.926722585 0.926608089 0.926799738     10
blis_packL3_4x3asm            86.679 0.551279748 0.551177866 0.551384282     10
blis_packL3_4x3asmpf         103.928 0.483902231 0.459700978 0.619751579     10
blis_omp_4x3asmpf            103.937 0.459715241 0.459658800 0.459781775     10
blis_th_4x3asm               103.915 0.459803047 0.459757803 0.459979038     10
Arguments: fnames = {  }, M = 3072, N = 3072, K = 3072
Frequency                      3.592
PEAK_AVX                     114.935
BLIS                         102.342 0.566831212 0.566549284 0.567253001     10
blis_naive_6x2                43.446 1.336898313 1.334579682 1.356558669     10
blis_copyL1_6x2               69.793 0.830876174 0.830766355 0.831039722     10
blis_copyL2_6x2               72.129 0.808042086 0.803862199 0.844950238     10
blis_copyL3_6x2               72.218 0.802943317 0.802879441 0.803002996     10
blis_naive_4x3                41.094 1.411577701 1.410958181 1.416216993     10
blis_copyL1_4x3               49.398 1.173886458 1.173774131 1.174034305     10
blis_copyL2_4x3               49.994 1.159852136 1.159772669 1.160006817     10
blis_copyL3_4x3               50.079 1.157927708 1.157815891 1.158108635     10
blis_packL2_6x2               78.790 0.735961902 0.735904185 0.736025848     10
blis_packL2_4x3               49.937 1.161236037 1.161112580 1.161353935     10
blis_packL3_6x2               85.787 0.675958925 0.675880958 0.676021748     10
blis_packL3_4x3               52.725 1.099905347 1.099712334 1.100011329     10
blis_packL3_4x3asm            89.446 0.648374336 0.648236261 0.648505374     10
blis_packL3_4x3asmpf         102.489 0.565796646 0.565740345 0.565854070     10
blis_omp_4x3asmpf            102.395 0.566286565 0.566261224 0.566316884     10
blis_th_4x3asm               102.015 0.568418932 0.568368217 0.568488619     10
Arguments: fnames = {  }, M = 3264, N = 3264, K = 3264
Frequency                      3.592
PEAK_AVX                     114.935
BLIS                         103.675 0.670933571 0.670820090 0.671007854     10
blis_naive_6x2                62.886 1.106038206 1.105927841 1.106186219     10
blis_copyL1_6x2               69.989 0.993798764 0.993688962 0.993850083     10
blis_copyL2_6x2               71.807 0.968602360 0.968526365 0.968682880     10
blis_copyL3_6x2               72.094 0.964862801 0.964675360 0.966195757     10
blis_naive_4x3                49.877 1.394541221 1.394383803 1.394766981     10
blis_copyL1_4x3               48.805 1.425088602 1.425005006 1.425214656     10
blis_copyL2_4x3               49.772 1.397428021 1.397312293 1.397536221     10
blis_copyL3_4x3               49.800 1.396592621 1.396521001 1.396726605     10
blis_packL2_6x2               78.979 0.880675463 0.880584771 0.880752819     10
blis_packL2_4x3               49.999 1.391047256 1.390974684 1.391115752     10
blis_packL3_6x2               84.488 0.823287297 0.823159220 0.823593442     10
blis_packL3_4x3               51.796 1.342860318 1.342727424 1.343529241     10
blis_packL3_4x3asm            87.567 0.794289189 0.794217105 0.794445453     10
blis_packL3_4x3asmpf         104.411 0.666132705 0.666090459 0.666208449     10
blis_omp_4x3asmpf            104.700 0.664324985 0.664254735 0.664367718     10
blis_th_4x3asm               104.714 0.664208577 0.664165335 0.664301842     10
Arguments: fnames = {  }, M = 3456, N = 3456, K = 3456
Frequency                      3.592
PEAK_AVX                     114.936
BLIS                         103.420 0.798389438 0.798266201 0.798515784     10
blis_naive_6x2                61.930 1.333102150 1.333051109 1.333182667     10
blis_copyL1_6x2               69.264 1.191945781 1.191903514 1.191985061     10
blis_copyL2_6x2               72.114 1.144843943 1.144808752 1.144914673     10
blis_copyL3_6x2               72.252 1.142946070 1.142611813 1.143908416     10
blis_naive_4x3                49.713 1.660753018 1.660648940 1.661116952     10
blis_copyL1_4x3               48.334 1.708153411 1.708054558 1.708291930     10
blis_copyL2_4x3               49.933 1.653426359 1.653328694 1.653496287     10
blis_copyL3_4x3               49.970 1.666875151 1.652134695 1.771494812     10
blis_packL2_6x2               80.270 1.028617441 1.028491184 1.028703688     10
blis_packL2_4x3               50.298 1.641498150 1.641345263 1.641623803     10
blis_packL3_6x2               84.513 1.048617536 0.976851837 1.368665298     10
blis_packL3_4x3               51.499 1.603343297 1.603073441 1.604194888     10
blis_packL3_4x3asm            87.626 0.942283287 0.942141426 0.942428295     10
blis_packL3_4x3asmpf         103.868 0.876113738 0.794818338 1.206060116     10
blis_omp_4x3asmpf            103.738 0.819350143 0.795816969 1.030422096     10
blis_th_4x3asm               103.564 0.843180378 0.797151867 1.105089570     10
Arguments: fnames = {  }, M = 3648, N = 3648, K = 3648
Frequency                      3.592
PEAK_AVX                     114.935
BLIS                         103.424 0.939032816 0.938803540 0.939441956     10
blis_naive_6x2                62.142 1.652781716 1.562456870 2.382628259     10
blis_copyL1_6x2               68.573 1.496218333 1.415929792 2.218216797     10
blis_copyL2_6x2               71.774 1.352871385 1.352775910 1.352937402     10
blis_copyL3_6x2               71.920 1.350147759 1.350036704 1.350230942     10
blis_naive_4x3                49.603 2.010974915 1.957426600 2.253694587     10
blis_copyL1_4x3               48.063 2.047842541 2.020164702 2.174748193     10
blis_copyL2_4x3               49.460 1.963245087 1.963086101 1.963365843     10
blis_copyL3_4x3               49.539 1.983862814 1.959951917 2.095900213     10
blis_packL2_6x2               78.773 1.332425483 1.232592309 1.726654901     10
blis_packL2_4x3               49.686 1.954258343 1.954146064 1.954398555     10
blis_packL3_6x2               84.393 1.224216772 1.150510308 1.540246706     10
blis_packL3_4x3               51.602 1.881777508 1.881605877 1.881897297     10
blis_packL3_4x3asm            87.061 1.115366189 1.115250238 1.115574313     10
blis_packL3_4x3asmpf         104.202 0.938769868 0.931787080 1.001333063     10
blis_omp_4x3asmpf            104.156 0.944600361 0.932206637 1.055439194     10
blis_th_4x3asm               103.996 0.977616612 0.933637330 1.318622108     10
Arguments: fnames = {  }, M = 3840, N = 3840, K = 3840
Frequency                      3.592
PEAK_AVX                     114.935
BLIS                         103.294 1.096666569 1.096350202 1.096922376     10
blis_naive_6x2                52.448 2.159358962 2.159201874 2.159561913     10
blis_copyL1_6x2               71.148 1.662026072 1.591703709 2.294142818     10
blis_copyL2_6x2               72.179 1.569077479 1.568974188 1.569136038     10
blis_copyL3_6x2               72.267 1.619635596 1.567062434 2.092074665     10
blis_naive_4x3                48.649 2.350667712 2.327805687 2.555673159     10
blis_copyL1_4x3               48.617 2.331568060 2.329371075 2.349519461     10
blis_copyL2_4x3               49.771 2.275436383 2.275354280 2.275556883     10
blis_copyL3_4x3               49.944 2.290582055 2.267472230 2.427142562     10
blis_packL2_6x2               80.111 1.421675142 1.413617688 1.493576181     10
blis_packL2_4x3               50.288 2.263790123 2.251962881 2.368717985     10
blis_packL3_6x2               85.153 1.330073066 1.329914368 1.330177889     10
blis_packL3_4x3               52.513 2.163740489 2.156521584 2.227479543     10
blis_packL3_4x3asm            89.452 1.268393102 1.266004946 1.270866045     10
blis_packL3_4x3asmpf         103.366 1.095640058 1.095580040 1.095713011     10
blis_omp_4x3asmpf            103.216 1.097306922 1.097173759 1.097554233     10
blis_th_4x3asm               103.364 1.095782041 1.095610421 1.096215003     10
